Original Array: [17, 5, 23, 8, 14, 3, 11, 20, 6, 9]

MERGE SORT - DIVIDE PROCESS:

Level 0: [17,5,23,8,14,3,11,20,6,9]
Level 1: [17,5,23,8,14] | [3,11,20,6,9]
Level 2: [17,5,23] | [8,14] | [3,11,20] | [6,9]
Level 3: [17] | [5,23] | [8]|[14] | [3]|[11,20] | [6]|[9]
Level 4: [17] | [5]|[23] | [8]|[14] | [3]|[11]|[20] | [6]|[9]

Base Case: When array length == 1, it is already sorted. Return.

MERGE PROCESS:
[5]+[23]=[5,23]
[17]+[5,23]=[5,17,23]
[8]+[14]=[8,14]
[5,17,23]+[8,14]=[5,8,14,17,23]
[11]+[20]=[11,20]
[3]+[11,20]=[3,11,20]
[6]+[9]=[6,9]
[3,11,20]+[6,9]=[3,6,9,11,20]
Final Merge: [5,8,14,17,23]+[3,6,9,11,20]=[3,5,6,8,9,11,14,17,20,23]

Total Comparisons: 22
